-1.207433875000000000e+06
-1.207447250000000000e+06
-1.207408000000000000e+06
-1.206715750000000000e+06
-1.206912250000000000e+06
-1.206665000000000000e+06
-1.207335250000000000e+06
-1.207281500000000000e+06
-1.207194625000000000e+06
-1.207913250000000000e+06
-1.206989125000000000e+06
-1.206707625000000000e+06
-1.206886000000000000e+06
-1.206961750000000000e+06
-1.207581750000000000e+06
-1.207140750000000000e+06
-1.208057750000000000e+06
-1.207596250000000000e+06
-1.207387625000000000e+06
-1.208044125000000000e+06
-1.206925625000000000e+06
-1.207210000000000000e+06
-1.207146125000000000e+06
-1.207314250000000000e+06
-1.207106500000000000e+06
-1.207729125000000000e+06
-1.207357000000000000e+06
-1.207187500000000000e+06
-1.206462000000000000e+06
-1.207766000000000000e+06
-1.206978875000000000e+06
-1.207468500000000000e+06
-1.207946250000000000e+06
-1.206781375000000000e+06
-1.207500625000000000e+06
-1.207005250000000000e+06
-1.207518750000000000e+06
-1.206733250000000000e+06
-1.207059500000000000e+06
-1.207616750000000000e+06
-1.206312125000000000e+06
-1.208205500000000000e+06
-1.207314125000000000e+06
-1.207677750000000000e+06
-1.205345000000000000e+06
-1.206444125000000000e+06
-1.207516375000000000e+06
-1.206947875000000000e+06
-1.206246750000000000e+06
-1.207322750000000000e+06
-1.206658750000000000e+06
-1.207510625000000000e+06
-1.207482375000000000e+06
-1.207489875000000000e+06
-1.207214750000000000e+06
-1.207017250000000000e+06
-1.206295375000000000e+06
-1.207323000000000000e+06
-1.207364625000000000e+06
-1.207040625000000000e+06
-1.206735875000000000e+06
-1.206728625000000000e+06
-1.207271000000000000e+06
-1.206360000000000000e+06
-1.207601250000000000e+06
-1.206193375000000000e+06
-1.207274500000000000e+06
-1.207450500000000000e+06
-1.207152875000000000e+06
-1.207084875000000000e+06
-1.207591250000000000e+06
-1.207917375000000000e+06
-1.207246000000000000e+06
-1.207477625000000000e+06
-1.207127750000000000e+06
-1.206391750000000000e+06
-1.208119500000000000e+06
-1.207200500000000000e+06
-1.206782500000000000e+06
-1.207415625000000000e+06
-1.207254250000000000e+06
-1.207308500000000000e+06
-1.207799875000000000e+06
-1.206449125000000000e+06
-1.207216125000000000e+06
-1.207171000000000000e+06
-1.207401500000000000e+06
-1.206680000000000000e+06
-1.206903875000000000e+06
-1.206280000000000000e+06
-1.206661125000000000e+06
-1.208298500000000000e+06
-1.206536250000000000e+06
-1.207348125000000000e+06
-1.207842250000000000e+06
-1.206876750000000000e+06
-1.206857250000000000e+06
-1.207507250000000000e+06
-1.206894875000000000e+06
-1.207323875000000000e+06
-1.206786875000000000e+06
-1.208003250000000000e+06
-1.207698250000000000e+06
-1.206287625000000000e+06
-1.207186500000000000e+06
-1.207614000000000000e+06
-1.207361125000000000e+06
-1.207151125000000000e+06
-1.207770125000000000e+06
-1.206948000000000000e+06
-1.207506500000000000e+06
-1.207849000000000000e+06
-1.207607000000000000e+06
-1.208000250000000000e+06
-1.207031250000000000e+06
-1.208177000000000000e+06
-1.206817500000000000e+06
-1.206495625000000000e+06
-1.206725500000000000e+06
-1.207648625000000000e+06
-1.207815500000000000e+06
-1.207130000000000000e+06
-1.208385250000000000e+06
-1.206354750000000000e+06
-1.207041000000000000e+06
-1.206227500000000000e+06
-1.206767250000000000e+06
-1.207748250000000000e+06
-1.207797500000000000e+06
-1.206732500000000000e+06
-1.207921750000000000e+06
-1.206849750000000000e+06
-1.208098375000000000e+06
-1.207227000000000000e+06
-1.207330250000000000e+06
-1.208189500000000000e+06
-1.207745000000000000e+06
-1.206877500000000000e+06
-1.206544375000000000e+06
-1.206785500000000000e+06
-1.206952500000000000e+06
-1.207029000000000000e+06
-1.206912750000000000e+06
-1.206871250000000000e+06
-1.206943375000000000e+06
-1.207365000000000000e+06
-1.206951750000000000e+06
-1.208317000000000000e+06
-1.206683250000000000e+06
-1.207435000000000000e+06
-1.206964000000000000e+06
-1.207389500000000000e+06
-1.206845250000000000e+06
-1.208001250000000000e+06
-1.206231750000000000e+06
-1.207437375000000000e+06
-1.207798625000000000e+06
-1.207233125000000000e+06
-1.207650750000000000e+06
-1.207125625000000000e+06
-1.206508250000000000e+06
-1.206603625000000000e+06
-1.207162625000000000e+06
-1.206450500000000000e+06
-1.206742625000000000e+06
-1.206807750000000000e+06
-1.206896750000000000e+06
-1.206956625000000000e+06
-1.207788250000000000e+06
-1.207167875000000000e+06
-1.207905000000000000e+06
-1.208253750000000000e+06
-1.207885625000000000e+06
-1.206808000000000000e+06
-1.206984250000000000e+06
-1.206823750000000000e+06
-1.207282000000000000e+06
-1.207052000000000000e+06
-1.207163625000000000e+06
-1.207371000000000000e+06
-1.207477500000000000e+06
-1.206932875000000000e+06
-1.208408625000000000e+06
-1.207979375000000000e+06
-1.207775000000000000e+06
-1.207534750000000000e+06
-1.207025250000000000e+06
-1.207638875000000000e+06
-1.206974250000000000e+06
-1.206376625000000000e+06
-1.207305375000000000e+06
-1.207159250000000000e+06
-1.206703000000000000e+06
-1.206567375000000000e+06
-1.207847250000000000e+06
-1.207138625000000000e+06
-1.208291625000000000e+06
-1.206536125000000000e+06
-1.207818875000000000e+06
-1.208162000000000000e+06
-1.208058250000000000e+06
-1.206798750000000000e+06
-1.206826625000000000e+06
-1.207150375000000000e+06
-1.206285875000000000e+06
-1.207289250000000000e+06
-1.206707125000000000e+06
-1.208212375000000000e+06
-1.207951750000000000e+06
-1.207112000000000000e+06
-1.206843000000000000e+06
-1.206984250000000000e+06
-1.206857375000000000e+06
-1.208143125000000000e+06
-1.207239750000000000e+06
-1.208037500000000000e+06
-1.207532000000000000e+06
-1.206908000000000000e+06
-1.207242000000000000e+06
-1.207829000000000000e+06
-1.207198375000000000e+06
-1.206460125000000000e+06
-1.206513375000000000e+06
-1.207877750000000000e+06
-1.207826250000000000e+06
-1.207916750000000000e+06
-1.206804500000000000e+06
-1.207158000000000000e+06
-1.207307750000000000e+06
-1.206835625000000000e+06
-1.207191500000000000e+06
-1.206767500000000000e+06
-1.207786625000000000e+06
-1.207574500000000000e+06
-1.207091500000000000e+06
-1.207788625000000000e+06
-1.207168250000000000e+06
-1.207840500000000000e+06
-1.206898000000000000e+06
-1.207158000000000000e+06
-1.207527125000000000e+06
-1.208081125000000000e+06
-1.207270125000000000e+06
-1.207898375000000000e+06
-1.206730375000000000e+06
-1.207337625000000000e+06
-1.207251250000000000e+06
-1.207240125000000000e+06
-1.207676125000000000e+06
-1.206307375000000000e+06
-1.206726875000000000e+06
-1.207020000000000000e+06
-1.207221000000000000e+06
-1.207648000000000000e+06
-1.206023250000000000e+06
-1.207219750000000000e+06
-1.207456250000000000e+06
-1.206980250000000000e+06
-1.207435375000000000e+06
-1.206708000000000000e+06
-1.206950625000000000e+06
-1.206662250000000000e+06
-1.208268875000000000e+06
-1.206018875000000000e+06
-1.207073125000000000e+06
-1.206816750000000000e+06
-1.207658750000000000e+06
-1.207402625000000000e+06
-1.208150500000000000e+06
-1.206575000000000000e+06
-1.207478625000000000e+06
-1.207129250000000000e+06
-1.206737500000000000e+06
-1.208016250000000000e+06
-1.205994250000000000e+06
-1.206843875000000000e+06
-1.207572125000000000e+06
-1.207380875000000000e+06
-1.207050250000000000e+06
-1.207381250000000000e+06
-1.206754750000000000e+06
-1.206438875000000000e+06
-1.207702500000000000e+06
-1.207721000000000000e+06
-1.207040000000000000e+06
-1.206966125000000000e+06
-1.206928500000000000e+06
-1.207367375000000000e+06
-1.207558625000000000e+06
-1.206875750000000000e+06
-1.207180375000000000e+06
-1.207511000000000000e+06
-1.207512000000000000e+06
-1.207705875000000000e+06
-1.206796875000000000e+06
-1.207752250000000000e+06
-1.206754625000000000e+06
-1.207439500000000000e+06
-1.206640500000000000e+06
-1.207500000000000000e+06
-1.206600000000000000e+06
-1.206871250000000000e+06
-1.207689000000000000e+06
-1.207578250000000000e+06
-1.207695625000000000e+06
-1.207073000000000000e+06
-1.206365125000000000e+06
-1.207605375000000000e+06
-1.206442875000000000e+06
-1.206607125000000000e+06
-1.206867125000000000e+06
-1.207387000000000000e+06
-1.207429500000000000e+06
-1.208168000000000000e+06
-1.206424250000000000e+06
-1.206262000000000000e+06
-1.206734750000000000e+06
-1.207796625000000000e+06
-1.207408000000000000e+06
-1.207374250000000000e+06
-1.206620250000000000e+06
-1.207808000000000000e+06
-1.207993625000000000e+06
-1.206715750000000000e+06
-1.206663250000000000e+06
-1.207216250000000000e+06
-1.207497250000000000e+06
-1.207460125000000000e+06
-1.207101625000000000e+06
-1.207746000000000000e+06
-1.207019125000000000e+06
-1.207493125000000000e+06
-1.206756875000000000e+06
-1.207393500000000000e+06
-1.207742750000000000e+06
-1.207540375000000000e+06
-1.207590250000000000e+06
-1.206299125000000000e+06
-1.206638125000000000e+06
-1.206312250000000000e+06
-1.207364500000000000e+06
-1.207455000000000000e+06
-1.207423750000000000e+06
-1.207199750000000000e+06
-1.207556500000000000e+06
-1.207542875000000000e+06
-1.207059125000000000e+06
-1.207060125000000000e+06
-1.208360625000000000e+06
-1.208156000000000000e+06
-1.206512625000000000e+06
-1.208089250000000000e+06
-1.206603625000000000e+06
-1.206117750000000000e+06
-1.206534125000000000e+06
-1.206958500000000000e+06
-1.208355000000000000e+06
-1.207726250000000000e+06
-1.207621000000000000e+06
-1.207915500000000000e+06
-1.207517375000000000e+06
-1.208135375000000000e+06
-1.207890500000000000e+06
-1.208507500000000000e+06
-1.207396500000000000e+06
-1.206559500000000000e+06
-1.207240000000000000e+06
-1.206516500000000000e+06
-1.207829750000000000e+06
-1.208024250000000000e+06
-1.208038750000000000e+06
-1.207263625000000000e+06
-1.207346125000000000e+06
-1.206322750000000000e+06
-1.206066750000000000e+06
-1.207033000000000000e+06
-1.207330875000000000e+06
-1.207083250000000000e+06
-1.206664000000000000e+06
-1.207695625000000000e+06
-1.207219875000000000e+06
-1.207612750000000000e+06
-1.207061250000000000e+06
-1.207324750000000000e+06
-1.208000375000000000e+06
-1.207232000000000000e+06
-1.207396500000000000e+06
-1.207258125000000000e+06
-1.207642750000000000e+06
-1.208241250000000000e+06
-1.206891125000000000e+06
-1.208378000000000000e+06
-1.206506000000000000e+06
-1.206807125000000000e+06
-1.206978125000000000e+06
-1.207062875000000000e+06
-1.206851750000000000e+06
-1.207607625000000000e+06
-1.207004000000000000e+06
-1.207409125000000000e+06
-1.206734375000000000e+06
-1.206687875000000000e+06
-1.207283250000000000e+06
-1.207370750000000000e+06
-1.207736875000000000e+06
-1.206573125000000000e+06
-1.207759500000000000e+06
-1.206356125000000000e+06
-1.207645875000000000e+06
-1.207455750000000000e+06
-1.207572500000000000e+06
-1.207846625000000000e+06
-1.207839500000000000e+06
-1.207227875000000000e+06
-1.206852375000000000e+06
-1.206885125000000000e+06
-1.207421375000000000e+06
-1.207471500000000000e+06
-1.206708625000000000e+06
-1.207383375000000000e+06
-1.207239125000000000e+06
-1.207282375000000000e+06
-1.207472000000000000e+06
-1.207274000000000000e+06
-1.207590625000000000e+06
-1.206469125000000000e+06
-1.207636125000000000e+06
-1.207072500000000000e+06
-1.206819375000000000e+06
-1.207979250000000000e+06
-1.207791875000000000e+06
-1.207380875000000000e+06
-1.207483500000000000e+06
-1.207632250000000000e+06
-1.207020875000000000e+06
-1.207557375000000000e+06
-1.207859000000000000e+06
-1.207037500000000000e+06
-1.207372750000000000e+06
-1.207141750000000000e+06
-1.207452875000000000e+06
-1.207218000000000000e+06
-1.206791375000000000e+06
-1.207477125000000000e+06
-1.208196250000000000e+06
-1.207123000000000000e+06
-1.207525375000000000e+06
-1.207755000000000000e+06
-1.208435000000000000e+06
-1.208136375000000000e+06
-1.207396250000000000e+06
-1.207325500000000000e+06
-1.207667125000000000e+06
-1.207149250000000000e+06
-1.205880875000000000e+06
-1.206894625000000000e+06
-1.206983875000000000e+06
-1.206521750000000000e+06
-1.206412875000000000e+06
-1.206469000000000000e+06
-1.206990125000000000e+06
-1.207867250000000000e+06
-1.207139250000000000e+06
-1.206791250000000000e+06
-1.207078500000000000e+06
-1.207313000000000000e+06
-1.206881500000000000e+06
-1.207075125000000000e+06
-1.207607750000000000e+06
-1.206836875000000000e+06
-1.207772500000000000e+06
-1.207274250000000000e+06
-1.206859750000000000e+06
-1.207570500000000000e+06
-1.207149000000000000e+06
-1.206897125000000000e+06
-1.207872875000000000e+06
-1.207491375000000000e+06
-1.206746500000000000e+06
-1.207308750000000000e+06
-1.206936250000000000e+06
-1.207110500000000000e+06
-1.206920250000000000e+06
-1.207532125000000000e+06
-1.206857250000000000e+06
-1.208241250000000000e+06
-1.206759375000000000e+06
-1.207140625000000000e+06
-1.206593250000000000e+06
-1.207009625000000000e+06
-1.206748250000000000e+06
-1.207808250000000000e+06
-1.207050375000000000e+06
-1.207355125000000000e+06
-1.206844125000000000e+06
-1.207992750000000000e+06
-1.207376875000000000e+06
-1.208049500000000000e+06
-1.207272375000000000e+06
-1.206291875000000000e+06
-1.205964750000000000e+06
-1.207438000000000000e+06
-1.207330375000000000e+06
-1.207821750000000000e+06
-1.207626500000000000e+06
-1.207284250000000000e+06
-1.208105000000000000e+06
-1.207142625000000000e+06
-1.207253750000000000e+06
-1.207895000000000000e+06
-1.208097500000000000e+06
-1.207407500000000000e+06
-1.207019500000000000e+06
-1.207920500000000000e+06
-1.207332625000000000e+06
-1.207137500000000000e+06
-1.207613625000000000e+06
-1.208316750000000000e+06
-1.207554500000000000e+06
-1.207510250000000000e+06
-1.207700500000000000e+06
-1.206460125000000000e+06
-1.206941750000000000e+06
-1.206556000000000000e+06
-1.207427875000000000e+06
-1.207487750000000000e+06
-1.206461750000000000e+06
-1.208026625000000000e+06
-1.207548375000000000e+06
-1.207161500000000000e+06
-1.208600000000000000e+06
-1.206785875000000000e+06
-1.207112625000000000e+06
-1.207704000000000000e+06
-1.207271125000000000e+06
-1.206881375000000000e+06
-1.206328250000000000e+06
-1.206472375000000000e+06
-1.206607000000000000e+06
-1.207290750000000000e+06
-1.207361250000000000e+06
-1.207487250000000000e+06
-1.207474125000000000e+06
-1.207300500000000000e+06
-1.207461000000000000e+06
-1.206818875000000000e+06
-1.207098250000000000e+06
-1.207148375000000000e+06
-1.207065250000000000e+06
-1.206573375000000000e+06
-1.206974000000000000e+06
-1.207351875000000000e+06
-1.207501000000000000e+06
-1.206982500000000000e+06
-1.206692750000000000e+06
-1.206825375000000000e+06
-1.208051625000000000e+06
-1.207530750000000000e+06
-1.207972625000000000e+06
-1.206936000000000000e+06
-1.207395125000000000e+06
-1.207938500000000000e+06
-1.206729500000000000e+06
-1.207497750000000000e+06
-1.206963625000000000e+06
-1.207474000000000000e+06
-1.208015500000000000e+06
-1.207449250000000000e+06
-1.206756375000000000e+06
-1.207174750000000000e+06
-1.206836250000000000e+06
-1.207317750000000000e+06
-1.207521000000000000e+06
-1.207312000000000000e+06
-1.206530500000000000e+06
-1.206265375000000000e+06
-1.206708000000000000e+06
-1.207074625000000000e+06
-1.206617875000000000e+06
-1.208162750000000000e+06
-1.207974625000000000e+06
-1.207414250000000000e+06
-1.207673250000000000e+06
-1.206420000000000000e+06
-1.206893500000000000e+06
-1.207994250000000000e+06
-1.206308875000000000e+06
-1.207187625000000000e+06
-1.207797000000000000e+06
-1.207033750000000000e+06
-1.208040750000000000e+06
-1.207365625000000000e+06
-1.207040125000000000e+06
-1.207054125000000000e+06
-1.207330625000000000e+06
-1.207541000000000000e+06
-1.207283250000000000e+06
-1.207174625000000000e+06
-1.207651875000000000e+06
-1.207518250000000000e+06
-1.207260000000000000e+06
-1.207613000000000000e+06
-1.207566250000000000e+06
-1.207286625000000000e+06
-1.207616500000000000e+06
-1.207624250000000000e+06
-1.207369875000000000e+06
-1.207740500000000000e+06
-1.207926875000000000e+06
-1.207493750000000000e+06
-1.206937500000000000e+06
-1.207455875000000000e+06
-1.207266000000000000e+06
-1.206757000000000000e+06
-1.206849250000000000e+06
-1.206969500000000000e+06
-1.207447500000000000e+06
-1.206513875000000000e+06
-1.207479375000000000e+06
-1.206812000000000000e+06
-1.207259625000000000e+06
-1.207336125000000000e+06
-1.207145250000000000e+06
-1.206992500000000000e+06
-1.206512875000000000e+06
-1.207063500000000000e+06
-1.206791250000000000e+06
-1.207179375000000000e+06
-1.206879625000000000e+06
-1.207682000000000000e+06
-1.206124250000000000e+06
-1.206900250000000000e+06
-1.207129500000000000e+06
-1.206527750000000000e+06
-1.207538375000000000e+06
-1.207031875000000000e+06
-1.207031250000000000e+06
-1.206556500000000000e+06
-1.206774625000000000e+06
-1.207057125000000000e+06
-1.207364750000000000e+06
-1.207389500000000000e+06
-1.206641750000000000e+06
-1.207382125000000000e+06
-1.208081625000000000e+06
-1.207432125000000000e+06
-1.207168000000000000e+06
-1.207983500000000000e+06
-1.207596000000000000e+06
-1.207778250000000000e+06
-1.206730000000000000e+06
-1.207160125000000000e+06
-1.207160000000000000e+06
-1.208541125000000000e+06
-1.208128500000000000e+06
-1.207322750000000000e+06
-1.207160500000000000e+06
-1.206724750000000000e+06
-1.207136750000000000e+06
-1.207366125000000000e+06
-1.207545000000000000e+06
-1.207225375000000000e+06
-1.208222750000000000e+06
-1.207034750000000000e+06
-1.208411625000000000e+06
-1.207266000000000000e+06
-1.208104250000000000e+06
-1.206965500000000000e+06
-1.206806750000000000e+06
-1.208328375000000000e+06
-1.207146125000000000e+06
-1.207495750000000000e+06
-1.206927000000000000e+06
-1.206841125000000000e+06
-1.208020375000000000e+06
-1.207408250000000000e+06
-1.207450750000000000e+06
-1.207282625000000000e+06
-1.208073750000000000e+06
-1.208051875000000000e+06
-1.207810000000000000e+06
-1.207001625000000000e+06
-1.206892250000000000e+06
-1.207601750000000000e+06
-1.207633875000000000e+06
-1.207296125000000000e+06
-1.207569375000000000e+06
-1.207687750000000000e+06
-1.207955625000000000e+06
-1.207518500000000000e+06
-1.206721625000000000e+06
-1.208072875000000000e+06
-1.206957125000000000e+06
-1.207477000000000000e+06
-1.206719750000000000e+06
-1.207129250000000000e+06
-1.207094625000000000e+06
-1.206433500000000000e+06
-1.207187125000000000e+06
-1.206726250000000000e+06
-1.208409250000000000e+06
-1.207751000000000000e+06
-1.206486500000000000e+06
-1.206948000000000000e+06
-1.206349875000000000e+06
-1.207420250000000000e+06
-1.207769000000000000e+06
-1.207208250000000000e+06
-1.206568875000000000e+06
-1.207637750000000000e+06
-1.207895875000000000e+06
-1.207604750000000000e+06
-1.206960500000000000e+06
-1.207240000000000000e+06
-1.207092125000000000e+06
-1.207321125000000000e+06
-1.207929250000000000e+06
-1.207525750000000000e+06
-1.207720000000000000e+06
-1.206467750000000000e+06
-1.206934625000000000e+06
-1.208031375000000000e+06
-1.206766125000000000e+06
-1.207985625000000000e+06
-1.206700375000000000e+06
-1.207792250000000000e+06
-1.207338625000000000e+06
-1.207052750000000000e+06
-1.207850375000000000e+06
-1.207409875000000000e+06
-1.208368125000000000e+06
-1.207452625000000000e+06
-1.206621625000000000e+06
-1.207411250000000000e+06
-1.207079125000000000e+06
-1.206752000000000000e+06
-1.206771875000000000e+06
-1.206921375000000000e+06
-1.207157250000000000e+06
-1.207362375000000000e+06
-1.207513500000000000e+06
-1.207474750000000000e+06
-1.207088000000000000e+06
-1.206906250000000000e+06
-1.206985500000000000e+06
-1.207199375000000000e+06
-1.207112625000000000e+06
-1.207679125000000000e+06
-1.207029000000000000e+06
-1.207066750000000000e+06
-1.207223750000000000e+06
-1.207254375000000000e+06
-1.206761500000000000e+06
-1.207185000000000000e+06
-1.207024500000000000e+06
-1.207163625000000000e+06
-1.206756000000000000e+06
-1.207361000000000000e+06
-1.207368000000000000e+06
-1.207448750000000000e+06
-1.206986500000000000e+06
-1.208192250000000000e+06
-1.207404000000000000e+06
-1.207220750000000000e+06
-1.207202375000000000e+06
-1.207390500000000000e+06
-1.207152125000000000e+06
-1.207326000000000000e+06
-1.206777750000000000e+06
-1.206924500000000000e+06
-1.208083875000000000e+06
-1.206577250000000000e+06
-1.207577500000000000e+06
-1.207516875000000000e+06
-1.206607750000000000e+06
-1.205678000000000000e+06
-1.207345000000000000e+06
-1.207870625000000000e+06
-1.206721250000000000e+06
-1.207631125000000000e+06
-1.207531500000000000e+06
-1.207055000000000000e+06
-1.207049000000000000e+06
-1.206859875000000000e+06
-1.206856750000000000e+06
-1.207899500000000000e+06
-1.207929500000000000e+06
-1.206852250000000000e+06
-1.206708750000000000e+06
-1.206813000000000000e+06
-1.207430500000000000e+06
-1.207626000000000000e+06
-1.207899000000000000e+06
-1.207280500000000000e+06
-1.207957500000000000e+06
-1.207148875000000000e+06
-1.206343375000000000e+06
-1.206322250000000000e+06
-1.206903875000000000e+06
-1.206893250000000000e+06
-1.207042625000000000e+06
-1.207613000000000000e+06
-1.207214625000000000e+06
-1.207672875000000000e+06
-1.207103875000000000e+06
-1.207621875000000000e+06
-1.207013750000000000e+06
-1.207388750000000000e+06
-1.207239875000000000e+06
-1.206529250000000000e+06
-1.206978500000000000e+06
-1.207410125000000000e+06
-1.207091125000000000e+06
-1.206391750000000000e+06
-1.206852375000000000e+06
-1.207654750000000000e+06
-1.206854125000000000e+06
-1.207219250000000000e+06
-1.208291875000000000e+06
-1.207013250000000000e+06
-1.207030000000000000e+06
-1.207693625000000000e+06
-1.208040375000000000e+06
-1.206597000000000000e+06
-1.207738250000000000e+06
-1.207839750000000000e+06
-1.206726000000000000e+06
-1.207004250000000000e+06
-1.208334000000000000e+06
-1.206846625000000000e+06
-1.207419250000000000e+06
-1.207673250000000000e+06
-1.207768375000000000e+06
-1.207367625000000000e+06
-1.207808375000000000e+06
-1.207284750000000000e+06
-1.207761500000000000e+06
-1.207755375000000000e+06
-1.207494250000000000e+06
-1.206860000000000000e+06
-1.206955500000000000e+06
-1.207216875000000000e+06
-1.207205375000000000e+06
-1.206925750000000000e+06
-1.206668250000000000e+06
-1.207074750000000000e+06
-1.207131250000000000e+06
-1.208078500000000000e+06
-1.206862250000000000e+06
-1.207861875000000000e+06
-1.206923500000000000e+06
-1.207783250000000000e+06
-1.206799500000000000e+06
-1.207800250000000000e+06
-1.207420250000000000e+06
-1.206918000000000000e+06
-1.206933500000000000e+06
-1.206834750000000000e+06
-1.208593250000000000e+06
-1.206994000000000000e+06
-1.207794375000000000e+06
-1.207494500000000000e+06
-1.207435375000000000e+06
-1.207307250000000000e+06
-1.206653250000000000e+06
-1.206792125000000000e+06
-1.206869000000000000e+06
-1.207780750000000000e+06
-1.207384000000000000e+06
-1.207906125000000000e+06
-1.207673500000000000e+06
-1.207577000000000000e+06
-1.206104500000000000e+06
-1.206577125000000000e+06
-1.207215750000000000e+06
-1.206900500000000000e+06
-1.206971250000000000e+06
-1.207457875000000000e+06
-1.207229500000000000e+06
-1.207539750000000000e+06
-1.206961625000000000e+06
-1.206861750000000000e+06
-1.207851250000000000e+06
-1.208213125000000000e+06
-1.207646750000000000e+06
-1.206983375000000000e+06
-1.206137125000000000e+06
-1.206769000000000000e+06
-1.207127750000000000e+06
-1.207850125000000000e+06
-1.207512750000000000e+06
-1.207588875000000000e+06
-1.206781750000000000e+06
-1.207616750000000000e+06
-1.207698250000000000e+06
-1.206563875000000000e+06
-1.207459000000000000e+06
-1.206854750000000000e+06
-1.207269500000000000e+06
-1.207555625000000000e+06
-1.207517625000000000e+06
-1.207943625000000000e+06
-1.207602000000000000e+06
-1.207151750000000000e+06
-1.207291625000000000e+06
-1.208039000000000000e+06
-1.206778500000000000e+06
-1.206871250000000000e+06
-1.206913500000000000e+06
-1.207368000000000000e+06
-1.207072500000000000e+06
-1.207956625000000000e+06
-1.206771500000000000e+06
-1.207158000000000000e+06
-1.207119000000000000e+06
-1.207780750000000000e+06
-1.206868000000000000e+06
-1.207441750000000000e+06
-1.207710750000000000e+06
-1.207751125000000000e+06
-1.207021875000000000e+06
-1.207473875000000000e+06
-1.207551250000000000e+06
-1.206692625000000000e+06
-1.207138000000000000e+06
-1.207384500000000000e+06
-1.206500125000000000e+06
-1.206695875000000000e+06
-1.207607250000000000e+06
-1.206985125000000000e+06
-1.207640375000000000e+06
-1.207741750000000000e+06
-1.207494125000000000e+06
-1.207352750000000000e+06
-1.207337500000000000e+06
-1.206775750000000000e+06
-1.206865000000000000e+06
-1.206997625000000000e+06
-1.206957250000000000e+06
-1.207252500000000000e+06
-1.206994500000000000e+06
-1.207609500000000000e+06
-1.207348250000000000e+06
-1.208181750000000000e+06
-1.207178625000000000e+06
-1.207090750000000000e+06
-1.207006500000000000e+06
-1.207268250000000000e+06
-1.207095625000000000e+06
-1.207423250000000000e+06
-1.207055875000000000e+06
-1.208337000000000000e+06
-1.207199500000000000e+06
-1.207535500000000000e+06
-1.207980500000000000e+06
-1.206950875000000000e+06
-1.206634750000000000e+06
-1.206822625000000000e+06
-1.206560875000000000e+06
-1.207841125000000000e+06
-1.207984125000000000e+06
-1.207548375000000000e+06
-1.207065250000000000e+06
-1.206912375000000000e+06
-1.207240250000000000e+06
-1.207322250000000000e+06
-1.206580875000000000e+06
-1.207430500000000000e+06
-1.207853000000000000e+06
-1.206762750000000000e+06
-1.207741000000000000e+06
-1.206514500000000000e+06
-1.207304000000000000e+06
-1.207090750000000000e+06
-1.207356250000000000e+06
-1.207205000000000000e+06
-1.207938750000000000e+06
-1.207563250000000000e+06
-1.207109375000000000e+06
-1.207715500000000000e+06
-1.206427250000000000e+06
-1.206155375000000000e+06
-1.207604375000000000e+06
-1.208527375000000000e+06
-1.207989250000000000e+06
-1.207007125000000000e+06
-1.207541750000000000e+06
-1.207940875000000000e+06
-1.206784625000000000e+06
-1.207547000000000000e+06
-1.207254000000000000e+06
-1.206887625000000000e+06
-1.206783000000000000e+06
-1.207193375000000000e+06
-1.207203750000000000e+06
-1.207790875000000000e+06
-1.206668000000000000e+06
-1.207583125000000000e+06
-1.207760875000000000e+06
-1.207775875000000000e+06
